,Country,Total Cases,New Cases,Total Deaths,New Deaths,Total Recovered,New Recovered,Active Cases,Serious/Critical,Tot Cases/1M,Deaths/1M,Total Tests,Tests/1M,Population,Continent,%Inc Cases,%Inc Deaths,%Inc Recovered
0,World,104384587,451759.0,2262226,14679.0,76239610,511873.0,25882751,107052,13392.0,290.2,-1,-1,-1,All,0.4327832422232987,0.6488741619979613,0.6714003390101286
1,USA,27027347,114703.0,457856,3632.0,16750422,120388.0,9819069,23673,81371.0,1378.0,315611405,950205,332150930,North America,0.42439607557486125,0.7932625104836456,0.7187162210002829
2,India,10778206,11000.0,154635,113.0,10461706,14256.0,161865,8944,7765.0,111.0,197752057,142471,1388012251,Asia,0.10205780071377371,0.07307530636660524,0.13626840593685197
3,Brazil,9286256,56240.0,226383,1240.0,8160929,82962.0,898944,8318,43505.0,1061.0,28600000,133988,213452652,South America,0.6056262071603454,0.5477443094225273,1.0165754413498758
4,Russia,3884730,16643.0,74158,539.0,3340545,22372.0,470027,2300,26613.0,508.0,102500000,702191,145971594,Europe,0.4284210228252671,0.7268265055691902,0.6697110800782508
5,UK,3852623,16840.0,108013,1449.0,1787706,19734.0,1956904,3726,56575.0,1586.0,73448821,1078590,68097051,Europe,0.4371047984710676,1.3415051891901901,1.1038727844511347
6,France,3224798,23337.0,77238,485.0,226896,1577.0,2920664,3280,49340.0,1182.0,44710507,684074,65359134,Europe,0.7236732347266402,0.6279292576193065,0.6950320851844016
7,Spain,2881793,29064.0,59805,724.0,0,0.0,0,4853,61622.0,1279.0,33901309,724921,46765524,Europe,1.0085387812379307,1.2106011203076665,
8,Italy,2570608,9660.0,89344,499.0,2043499,18976.0,437765,2214,42553.0,1479.0,33053574,547163,60409016,Europe,0.37578658434113643,0.5585154011461319,0.9286033416214052
9,Turkey,2492977,7795.0,26237,120.0,2379070,8639.0,87670,1592,29373.0,309.0,29913245,352441,84874408,Asia,0.3126783760941236,0.4573693638754431,0.36312508669353993
10,Germany,2239943,7627.0,59386,990.0,1954000,18400.0,226557,4348,26684.0,707.0,38533736,459048,83942671,Europe,0.34049973593078037,1.667059576331122,0.9416581371545548
11,Colombia,2114597,10091.0,54576,304.0,1971342,16668.0,88679,3482,41298.0,1066.0,10210369,199410,51202832,South America,0.47720676800354866,0.5570214013485781,0.845515390023649
12,Argentina,1943548,9695.0,48426,177.0,1738768,8769.0,156354,3586,42771.0,1066.0,6292787,138484,45440649,South America,0.4988299748707004,0.36550613306901253,0.504322600830013
13,Mexico,1869708,5448.0,159100,564.0,1425748,13355.0,284860,5692,14412.0,1226.0,4711197,36315,129731950,North America,0.2913823976792098,0.35449402891263354,0.9367012964422886
14,Poland,1520215,4326.0,37476,253.0,1281396,4760.0,201343,1353,40194.0,991.0,8703118,230107,37821994,Europe,0.28456501218577634,0.6750987298537731,0.3714698656777452
15,South Africa,1458958,2649.0,44946,547.0,1318504,12482.0,95508,546,24418.0,752.0,8329691,139411,59749292,Africa,0.18156794095512002,1.2170159747252258,0.9466789634312828
16,Iran,1431416,6820.0,58110,72.0,1223197,6892.0,150109,3865,16915.0,687.0,9394967,111017,84626330,Asia,0.4764512901909717,0.12390294269488901,0.563441538852695
17,Ukraine,1223879,2394.0,22924,156.0,1035372,11457.0,165583,177,28085.0,526.0,6274464,143985,43577321,Europe,0.195607572317198,0.6805095096841738,1.1065588020537545
18,Peru,1149764,7048.0,41354,173.0,1062850,5705.0,45560,1956,34587.0,1244.0,6395019,192376,33242264,South America,0.6129953625265707,0.41833921748803016,0.5367643599755375
19,Indonesia,1099687,10379.0,30581,304.0,896530,12848.0,172576,-1,3996.0,111.0,9358604,34003,275229961,Asia,0.943814012532657,0.99408129230568,1.4330808784982096
20,Czechia,994514,7117.0,16545,63.0,885279,528.0,92690,988,92765.0,1543.0,6244289,582448,10720761,Europe,0.7156259238180659,0.3807796917497734,0.05964221448831386
21,Netherlands,985224,3561.0,14108,83.0,0,0.0,0,629,57423.0,822.0,6970400,406263,17157348,Europe,0.36144064700007306,0.5883186844343634,
22,Canada,786420,2831.0,20213,77.0,716646,4938.0,49561,830,20729.0,533.0,21708740,572222,37937591,North America,0.35998575824622975,0.3809429575025973,0.6890431258947932
23,Chile,734035,3147.0,18559,22.0,690653,4279.0,24823,1453,38205.0,966.0,8133205,423315,19213123,South America,0.4287261506603909,0.11854086965892559,0.6195585916516688
24,Romania,732732,2676.0,18513,111.0,678473,2706.0,35746,967,38240.0,966.0,5472825,285619,19161254,Europe,0.3652085619298734,0.5995786744449846,0.39883679969578745
25,Portugal,731861,5540.0,13017,260.0,551956,17572.0,166888,852,71899.0,1279.0,7364336,723481,10179035,Europe,0.7569743434887225,1.997388031036337,3.183587097522266
26,Belgium,711417,1264.0,21124,32.0,49061,52.0,641232,315,61226.0,1818.0,8275416,712201,11619488,Europe,0.1776735726022853,0.15148646089755727,0.1059905016204317
27,Israel,659978,7732.0,4887,71.0,582429,9221.0,72662,1111,71756.0,531.0,10550682,1147114,9197590,Asia,1.1715542033219288,1.4528340495191325,1.5831972652460644
28,Iraq,621755,1135.0,13068,11.0,594594,1210.0,14093,184,15257.0,321.0,5706337,140029,40750997,Asia,0.18254778811589775,0.08417508417508417,0.20350020350020348
29,Sweden,576606,-1.0,11815,37.0,0,0.0,0,240,56884.0,1166.0,4916367,485016,10136512,Europe,-0.000173428649719219,0.31316123571730853,
30,Pakistan,547648,1220.0,11746,63.0,502537,1285.0,33365,1881,2451.0,53.0,8005794,35835,223408744,Asia,0.22277083089867947,0.5363528009535161,0.2557025651842551
31,Bangladesh,536107,525.0,8149,12.0,480728,512.0,47230,-1,3236.0,49.0,3678649,22206,165657712,Asia,0.0979282120919891,0.14725733218799852,0.10650513388028157
32,Philippines,528853,1583.0,10874,67.0,487611,39.0,30368,727,4789.0,98.0,7884027,71387,110440086,Asia,0.29932703416639406,0.6161486113665624,0.007998178876194343
33,Switzerland,526728,1633.0,9489,37.0,317600,-1.0,199639,266,60599.0,1092.0,4384038,504374,8692034,Europe,0.3100271867073708,0.38992517652018127,-0.00031486146095717883
34,Morocco,472273,835.0,8309,22.0,450847,795.0,13117,404,12706.0,224.0,5375990,144638,37168461,Africa,0.17680451772597627,0.2647731375616801,0.17633476545258148
35,Austria,416763,1241.0,7847,69.0,395316,1569.0,13600,300,46118.0,868.0,4426184,489795,9036802,Europe,0.2977711553088926,0.8793169364088187,0.3968976717360289
36,Serbia,398905,1903.0,4056,18.0,31536,-1.0,363313,139,45765.0,465.0,2640135,302892,8716437,Europe,0.4770559406374952,0.4437869822485207,-0.0031709791983764585
37,Japan,391626,2108.0,5794,72.0,339377,5252.0,46455,937,3102.0,46.0,6921123,54822,126246282,Asia,0.5382686542772952,1.2426648256817396,1.5475415246171662
38,Hungary,369288,578.0,12656,78.0,268803,4543.0,87829,272,38285.0,1312.0,3176944,329361,9645772,Europe,0.15651740646866402,0.6163084702907712,1.6900853041074688
39,Saudi Arabia,368639,310.0,6383,4.0,360110,271.0,2146,375,10493.0,182.0,12392359,352730,35132743,Asia,0.08409311006160498,0.06266645777847407,0.07525478326067035
40,Jordan,329194,1132.0,4334,8.0,316442,978.0,8418,120,32076.0,422.0,3913770,381351,10262914,Asia,0.34387017989392277,0.18458698661744347,0.3090613761763609
41,Panama,322201,1098.0,5339,43.0,280827,2385.0,36035,242,73989.0,1226.0,1694777,389183,4354710,North America,0.34078106523567586,0.8053942685896235,0.8492773130788707
42,UAE,309649,3310.0,866,7.0,285201,3791.0,23582,-1,31087.0,87.0,26073927,2617644,9960836,Asia,1.0689522653068475,0.8083140877598153,1.329237976023927
43,Lebanon,305842,2770.0,3226,81.0,186052,5175.0,116564,942,44929.0,474.0,2624113,385487,6807260,Asia,0.9056964053334728,2.510849349039058,2.781480446326833
44,Nepal,271289,171.0,2030,1.0,266859,259.0,2400,-1,9214.0,69.0,2078098,70577,29444550,Asia,0.06303241192971333,0.04926108374384236,0.09705499908191217
45,Georgia,259209,858.0,3208,14.0,250289,580.0,5712,-1,65052.0,805.0,2236464,561275,3984617,Asia,0.33100702521903175,0.4364089775561097,0.2317321176719712
46,Slovakia,252094,1737.0,4784,73.0,222642,3719.0,24668,581,46161.0,876.0,1776247,325248,5461211,Europe,0.6890286956452751,1.5259197324414715,1.6703946245542172
47,Ecuador,251279,293.0,14915,25.0,209814,-1.0,26550,519,14116.0,838.0,888963,49940,17800658,South America,0.11660345671544378,0.16761649346295676,-0.00047661261879569525
48,Belarus,249994,699.0,1737,9.0,237178,662.0,11079,-1,26461.0,184.0,4488821,475134,9447478,Europe,0.27960671056105346,0.5181347150259068,0.27911526364165307
49,Croatia,232907,387.0,5071,17.0,225300,385.0,2536,91,56943.0,1240.0,1199349,293226,4090192,Europe,0.16616074227052,0.33523959771248274,0.1708832667554372
50,Azerbaijan,230455,159.0,3141,5.0,223807,332.0,3507,-1,22609.0,308.0,2419747,237390,10193143,Asia,0.06899394675750146,0.1591849729385546,0.14834209832578965
51,Malaysia,222628,3455.0,791,21.0,173990,3661.0,47847,327,6827.0,24.0,4910286,150575,32610310,Asia,1.5519162010169432,2.6548672566371683,2.10414391631703
52,Bulgaria,220547,967.0,9178,36.0,190484,1512.0,20885,279,31883.0,1327.0,1414581,204500,6917277,Europe,0.43845529524319077,0.3922423185879277,0.793767455534323
53,Bolivia,218299,1464.0,10439,60.0,160326,1104.0,47534,71,18552.0,887.0,568052,48276,11766782,South America,0.6706398105350918,0.5747676980553693,0.6885969836458217
54,Dominican Republic,215920,834.0,2704,16.0,159606,831.0,53610,293,19787.0,248.0,1062607,97379,10912108,North America,0.38625416821044833,0.591715976331361,0.5206571181534528
55,Tunisia,211412,1367.0,6893,91.0,165067,2844.0,39452,414,17778.0,580.0,871855,73317,11891581,Africa,0.6466047338845476,1.3201798926447121,1.7229367468967145
56,Denmark,199357,397.0,2160,15.0,188873,906.0,8324,93,34347.0,372.0,13701547,2360592,5804285,Europe,0.1991402358582844,0.6944444444444444,0.4796874089996982
57,Ireland,198424,871.0,3418,101.0,23364,-1.0,171642,205,39922.0,688.0,3110452,625806,4970314,Europe,0.43895899689553686,2.954944411936805,-0.004280089025851737
58,Costa Rica,195009,440.0,2641,7.0,154227,1164.0,38141,179,38076.0,516.0,595057,116186,5121585,North America,0.22563061192047545,0.2650511170011359,0.7547316617712851
59,Kazakhstan,189131,1161.0,2476,-1.0,169963,1195.0,16692,221,10002.0,131.0,6399596,338440,18909096,Asia,0.6138602344406787,-0.04038772213247173,0.7030942028559157
60,Lithuania,183444,546.0,2847,22.0,131151,1882.0,49446,173,67953.0,1055.0,1938355,718020,2699582,Europe,0.29763851638647215,0.7727432384966632,1.4349871522138604
61,Slovenia,168486,1650.0,3541,19.0,147687,1684.0,17258,168,81038.0,1703.0,809494,389347,2079108,Europe,0.979309853637691,0.5365715899463428,1.140249311042949
62,Armenia,167231,143.0,3089,5.0,158335,535.0,5807,-1,56373.0,1041.0,651914,219757,2966527,Asia,0.08551046157709993,0.16186468112657817,0.33789118009284114
63,Egypt,167013,521.0,9407,47.0,130514,407.0,27092,90,1614.0,91.0,1000000,9665,103467198,Africa,0.3119517642339219,0.49962793664292554,0.31184394011370425
64,Kuwait,166654,811.0,960,1.0,158986,510.0,6708,59,38687.0,223.0,1547402,359215,4307734,Asia,0.4866369844108152,0.10416666666666667,0.3207829620218132
65,Moldova,160725,639.0,3462,16.0,150720,218.0,6543,258,39898.0,859.0,632124,156917,4028391,Europe,0.39757349510032663,0.462160600808781,0.14463906581740976
66,Guatemala,160299,667.0,5709,36.0,146019,854.0,8571,5,8851.0,315.0,791928,43728,18110117,North America,0.4160974179502055,0.6305832895428272,0.5848553955307186
67,Palestine,159956,513.0,1849,9.0,150123,502.0,7984,54,30934.0,358.0,1003268,194025,5170816,Asia,0.32071319612893545,0.48674959437533805,0.33439246484549334
68,Greece,158716,1221.0,5851,22.0,144650,473.0,8215,244,15272.0,563.0,4230257,407039,10392758,Europe,0.7692986214370322,0.37600410186292943,0.3269961977186312
69,Qatar,152095,375.0,249,-1.0,146111,158.0,5735,55,54169.0,89.0,1399488,498428,2807805,Asia,0.246556428547947,-0.4016064257028112,0.10813696436271054
70,Honduras,148951,1108.0,3614,4.0,60979,106.0,84358,409,14899.0,361.0,377655,37776,9997236,North America,0.7438687890648603,0.11068068622025456,0.17383033503337214
71,Myanmar,140354,-1.0,3138,-1.0,125324,-1.0,11892,-1,2569.0,57.0,2399366,43924,54625482,Asia,-0.0007124841472277241,-0.03186743148502231,-0.0007979317608758098
72,Ethiopia,138861,477.0,2116,13.0,123806,838.0,12939,228,1191.0,18.0,1974373,16929,116628454,Africa,0.3435089766025018,0.6143667296786389,0.6768654184772951
73,Oman,134685,161.0,1532,-1.0,127054,105.0,6099,26,25988.0,296.0,1550000,299082,5182523,Asia,0.11953818168318671,-0.06527415143603134,0.08264202622506965
74,Paraguay,134482,701.0,2750,17.0,110041,814.0,21691,238,18719.0,383.0,659416,91787,7184172,South America,0.5212593506937732,0.6181818181818182,0.7397242845848365
75,Nigeria,133552,1634.0,1613,6.0,107551,1276.0,24388,10,639.0,8.0,1302410,6228,209126613,Africa,1.223493470708039,0.3719776813391197,1.186413887365064
76,Venezuela,127752,406.0,1202,6.0,119677,386.0,6873,109,4500.0,42.0,2657211,93603,28388047,South America,0.31780324378483316,0.49916805324459235,0.32253482289830127
77,Bosnia and Herzegovina,122461,262.0,4737,13.0,95569,389.0,22155,-1,37465.0,1449.0,600336,183664,3268667,Europe,0.2139456643339512,0.2744352966012244,0.4070357542717827
78,Libya,120434,1032.0,1896,13.0,100593,1007.0,17945,-1,17388.0,274.0,657839,94977,6926314,Africa,0.856900875168142,0.6856540084388186,1.0010636923046334
79,Algeria,107841,263.0,2898,4.0,73732,202.0,31211,42,2433.0,65.0,-1,-1,44316015,Africa,0.2438775604825623,0.13802622498274672,0.2739651711604188
80,Bahrain,104239,657.0,376,-1.0,99285,285.0,4578,30,60048.0,217.0,2739581,1578170,1735923,Asia,0.6302823319486948,-0.26595744680851063,0.28705242483758875
81,Kenya,101009,153.0,1766,-1.0,83990,54.0,15253,27,1855.0,32.0,1192605,21897,54465016,Africa,0.15147165104099633,-0.05662514156285391,0.06429336825812597
82,North Macedonia,93160,407.0,2873,7.0,82520,399.0,7767,138,44717.0,1379.0,459559,220589,2083323,Europe,0.43688278231000427,0.24364775495997215,0.4835191468734852
83,Kyrgyzstan,84646,58.0,1414,2.0,81102,115.0,2130,50,12850.0,215.0,666854,101231,6587464,Asia,0.06852066252392316,0.14144271570014144,0.1417967497718922
84,Albania,79934,942.0,1398,5.0,48377,455.0,30159,21,27794.0,486.0,360910,125493,2875931,Europe,1.1784722395976681,0.35765379113018597,0.940529590507886
85,S. Korea,78844,336.0,1435,10.0,68775,466.0,8634,224,1537.0,28.0,5711413,111344,51295361,Asia,0.42615798285221446,0.6968641114982579,0.6775717920756089
86,Uzbekistan,78801,46.0,621,-1.0,77286,65.0,894,152,2335.0,18.0,1377915,40821,33754677,Asia,0.058374893719622845,-0.1610305958132045,0.0841032010972233
87,Ghana,67782,772.0,424,8.0,61843,607.0,5515,44,2155.0,13.0,783432,24908,31453118,Africa,1.138945442742911,1.8867924528301887,0.9815177142117943
88,Latvia,67427,775.0,1219,17.0,55708,783.0,10500,104,35985.0,651.0,1190714,635471,1873750,Europe,1.1493911934388301,1.3945857260049221,1.4055431894880448
89,Sri Lanka,65698,715.0,330,7.0,59043,968.0,6325,-1,3061.0,15.0,1734276,80790,21466415,Asia,1.088313190660294,2.1212121212121215,1.6394830885964469
90,Norway,63553,291.0,568,1.0,57004,-1.0,5981,22,11669.0,104.0,3433485,630426,5446291,Europe,0.45788554434881124,0.17605633802816903,-0.0017542628587467548
91,Montenegro,62476,504.0,818,7.0,54529,538.0,7129,68,99466.0,1302.0,232489,370139,628113,Europe,0.8067097765541968,0.8557457212713936,0.9866309670083808
92,Singapore,59584,19.0,29,-1.0,59301,30.0,254,-1,10138.0,5.0,6557144,1115629,5877530,Asia,0.03188775510204082,-3.4482758620689653,0.050589366115242576
93,Zambia,56233,1191.0,794,14.0,49696,302.0,5743,430,3010.0,42.0,925784,49549,18684316,Africa,2.117973431970551,1.7632241813602016,0.6076947842884739
94,El Salvador,55195,-1.0,1638,6.0,49037,-1.0,4520,87,8484.0,252.0,700633,107697,6505576,North America,-0.0018117583114412535,0.3663003663003663,-0.0020392764647103206
95,Afghanistan,55174,53.0,2406,1.0,47798,75.0,4970,957,1399.0,61.0,254515,6453,39441666,Asia,0.09605973828252438,0.04156275976724855,0.15691033097619148
96,Luxembourg,50923,190.0,586,2.0,48006,32.0,2331,13,80579.0,927.0,1907883,3018969,631965,Europe,0.37311234609115723,0.3412969283276451,0.06665833437486982
97,Finland,45784,302.0,684,7.0,31000,-1.0,14100,17,8256.0,123.0,2861800,516028,5545824,Europe,0.659619080901625,1.023391812865497,-0.0032258064516129032
98,Estonia,44978,467.0,424,2.0,34927,979.0,9627,38,33893.0,320.0,781871,589174,1327064,Europe,1.0382853839654942,0.4716981132075472,2.8029890915337705
99,Uruguay,42667,539.0,453,9.0,36178,643.0,6036,95,12258.0,130.0,859227,246843,3480862,South America,1.2632713806923384,1.9867549668874174,1.7773232351152635
100,Mozambique,40260,800.0,403,17.0,25010,417.0,14847,-1,1267.0,13.0,350352,11029,31766286,Africa,1.987083954297069,4.218362282878412,1.6673330667732906
101,Uganda,39651,45.0,325,-1.0,14229,-1.0,25097,-1,851.0,7.0,833534,17894,46581714,Africa,0.11349020201255958,-0.3076923076923077,-0.007027900766041184
102,Namibia,34270,102.0,355,2.0,32739,175.0,1176,17,13345.0,138.0,268699,104637,2567925,Africa,0.29763641669098334,0.5633802816901409,0.5345306820611504
103,Zimbabwe,33814,266.0,1254,20.0,26794,211.0,5766,72,2256.0,84.0,285697,19059,14990255,Africa,0.7866564145028686,1.5948963317384368,0.7874897365081734
104,Cyprus,31124,128.0,202,-1.0,2057,-1.0,28865,40,25668.0,167.0,1135574,936514,1212554,Asia,0.4112581930343143,-0.49504950495049505,-0.04861448711716091
105,Cameroon,30313,696.0,474,12.0,28045,-1.0,1794,46,1126.0,18.0,149000,5532,26932156,Africa,2.2960446013261637,2.5316455696202533,-0.0035656979853806382
106,Australia,28824,6.0,909,-1.0,26070,9.0,1845,-1,1123.0,35.0,13018447,507061,25674323,Australia/Oceania,0.020815986677768527,-0.11001100110011,0.03452243958573072
107,Cuba,28636,1044.0,218,2.0,22921,1065.0,5497,48,2529.0,19.0,1922930,169832,11322511,North America,3.645760581086744,0.9174311926605505,4.646394136381484
108,Ivory Coast,28607,132.0,158,2.0,26724,229.0,1725,-1,1069.0,6.0,349351,13055,26760166,Africa,0.4614255252210997,1.2658227848101267,0.8569076485556054
109,Sudan,27402,129.0,1829,17.0,21614,110.0,3959,-1,616.0,41.0,-1,-1,44448384,Africa,0.47076855703963216,0.9294696555494806,0.5089293976126585
110,Senegal,27080,153.0,641,3.0,22363,218.0,4076,56,1593.0,38.0,331226,19482,17001624,Africa,0.5649926144756278,0.46801872074883,0.9748244868756427
111,Malawi,24903,538.0,726,14.0,9518,573.0,14659,4,1282.0,37.0,147900,7616,19418750,Africa,2.160382283259045,1.9283746556473829,6.020172305106115
112,DRC,23043,201.0,675,3.0,15050,17.0,7318,-1,253.0,7.0,-1,-1,91147322,Africa,0.8722822549147247,0.4444444444444444,0.11295681063122924
113,Botswana,22738,-1.0,148,-1.0,18468,-1.0,4122,1,9556.0,62.0,668789,281066,2379470,Africa,-0.00439792417978714,-0.6756756756756757,-0.005414771496642842
114,Thailand,20454,836.0,79,2.0,13217,703.0,7158,1,293.0,1.0,1217873,17422,69903790,Asia,4.0872201036472084,2.5316455696202533,5.3189074676552925
115,Angola,19900,71.0,468,2.0,18232,52.0,1200,13,595.0,14.0,176910,5287,33461464,Africa,0.35678391959798994,0.4273504273504274,0.28521281263712156
116,Madagascar,19065,-1.0,281,-1.0,18215,-1.0,569,16,678.0,10.0,111626,3971,28106954,Africa,-0.005245213742460005,-0.3558718861209964,-0.005489980785067253
117,Malta,18168,141.0,270,1.0,15233,132.0,2665,18,41082.0,611.0,618453,1398456,442240,Europe,0.7760898282694848,0.3703703703703704,0.8665397492286483
118,French Polynesia,18101,-1.0,132,-1.0,4842,-1.0,13127,14,64218.0,468.0,26355,93501,281869,Australia/Oceania,-0.00552455665432849,-0.7575757575757576,-0.020652622883106157
119,Mauritania,16689,27.0,423,1.0,15799,61.0,467,23,3535.0,90.0,147194,31178,4721040,Africa,0.1617832104979328,0.2364066193853428,0.3861003861003861
120,French Guiana,16185,51.0,77,1.0,9995,-1.0,6113,15,53380.0,254.0,134458,443456,303205,South America,0.31510658016682114,1.2987012987012987,-0.010005002501250627
121,Maldives,16155,99.0,52,-1.0,14263,73.0,1840,142,29581.0,95.0,417313,764119,546136,Asia,0.6128133704735376,-1.9230769230769231,0.5118137839164271
122,Jamaica,15973,195.0,353,1.0,12108,40.0,3512,11,5380.0,119.0,168124,56630,2968820,North America,1.2208101170725598,0.28328611898017,0.33036009250082593
123,Eswatini,15878,74.0,583,9.0,10839,189.0,4456,67,13603.0,499.0,125614,107615,1167252,Africa,0.4660536591510266,1.5437392795883362,1.7437032936617767
124,Rwanda,15688,229.0,205,7.0,10745,473.0,4738,19,1194.0,16.0,894413,68068,13139927,Africa,1.4597144314125445,3.414634146341464,4.402047463936714
125,Guinea,14555,-1.0,83,-1.0,14228,-1.0,244,24,1091.0,6.0,123702,9273,13340732,Africa,-0.006870491240123669,-1.2048192771084338,-0.007028394714647174
126,Cabo Verde,14152,54.0,134,-1.0,13335,84.0,683,23,25292.0,239.0,111390,199071,559549,Africa,0.38157150932730355,-0.7462686567164178,0.6299212598425197
127,Syria,14142,46.0,929,3.0,7725,81.0,5488,-1,797.0,52.0,-1,-1,17749287,Asia,0.3252722387215387,0.32292787944025836,1.0485436893203883
128,Belize,11957,12.0,303,1.0,11378,25.0,276,3,29754.0,754.0,70993,176658,401866,North America,0.10035962197875721,0.33003300330033003,0.21972227104939357
129,Haiti,11672,82.0,245,-1.0,9114,16.0,2313,-1,1016.0,21.0,49333,4296,11484453,North America,0.7025359835503769,-0.40816326530612246,0.17555409260478386
130,Gabon,10952,-1.0,68,-1.0,10419,-1.0,465,12,4854.0,30.0,444929,197180,2256462,Africa,-0.009130752373995618,-1.4705882352941175,-0.009597850081581726
131,Burkina Faso,10904,136.0,126,5.0,9585,188.0,1193,-1,513.0,6.0,-1,-1,21237793,Africa,1.247248716067498,3.968253968253968,1.961398017736046
132,Hong Kong,10512,25.0,183,1.0,9549,75.0,780,31,1395.0,24.0,6442498,855246,7532916,Asia,0.2378234398782344,0.546448087431694,0.7854225573358466
133,Réunion,10194,-1.0,46,-1.0,9528,-1.0,620,6,11338.0,51.0,98785,109872,899089,Africa,-0.009809691975671964,-2.1739130434782608,-0.010495382031905962
134,Andorra,10017,45.0,102,1.0,9252,46.0,663,15,129522.0,1319.0,180088,2328584,77338,Europe,0.44923629829290207,0.9803921568627451,0.4971897968006917
135,Guadeloupe,9226,129.0,155,1.0,2242,-1.0,6829,6,23055.0,387.0,120676,301566,400165,North America,1.3982224149143725,0.6451612903225806,-0.04460303300624443
136,Mayotte,9003,415.0,61,-1.0,2964,-1.0,5978,11,32541.0,220.0,79312,286672,276665,Africa,4.609574586249028,-1.639344262295082,-0.033738191632928474
137,Lesotho,8900,-1.0,172,-1.0,2552,-1.0,6176,-1,4135.0,80.0,49496,22997,2152284,Africa,-0.011235955056179775,-0.5813953488372093,-0.03918495297805642
138,Suriname,8497,48.0,156,-1.0,7802,68.0,539,21,14408.0,265.0,37045,62816,589736,South America,0.56490526068024,-0.641025641025641,0.8715713919507819
139,Bahamas,8223,-1.0,176,-1.0,6784,-1.0,1263,13,20793.0,445.0,60666,153405,395462,North America,-0.012161011796181443,-0.5681818181818182,-0.01474056603773585
140,Mali,8111,11.0,333,3.0,5970,11.0,1808,-1,394.0,16.0,143218,6955,20590932,Africa,0.13561829614104304,0.9009009009009009,0.1842546063651591
141,Congo,7887,-1.0,117,-1.0,5846,-1.0,1924,-1,1409.0,21.0,73120,13063,5597502,Africa,-0.012679092177000128,-0.8547008547008548,-0.017105713308244952
142,Guyana,7678,24.0,177,-1.0,6681,46.0,820,5,9734.0,224.0,50372,63859,788799,South America,0.3125814014066163,-0.5649717514124294,0.6885196826822332
143,Trinidad and Tobago,7578,12.0,134,-1.0,7190,12.0,254,2,5404.0,96.0,85680,61105,1402173,North America,0.1583531274742676,-0.7462686567164178,0.16689847009735745
144,Aruba,7028,42.0,59,-1.0,6648,55.0,321,11,65661.0,551.0,86765,810630,107034,North America,0.5976095617529881,-1.694915254237288,0.8273164861612515
145,Martinique,6484,82.0,45,-1.0,98,-1.0,6341,3,17286.0,120.0,90204,240485,375092,North America,1.2646514497223937,-2.2222222222222223,-1.0204081632653061
146,Nicaragua,6299,46.0,170,1.0,4225,-1.0,1904,-1,944.0,25.0,-1,-1,6671014,North America,0.7302746467693285,0.5882352941176471,-0.023668639053254437
147,Iceland,6011,2.0,29,-1.0,5942,3.0,40,-1,17548.0,85.0,479424,1399562,342553,Europe,0.0332723340542339,-3.4482758620689653,0.05048805116122518
148,Djibouti,5935,3.0,63,-1.0,5846,1.0,26,-1,5956.0,63.0,108781,109168,996456,Africa,0.050547598989048016,-1.5873015873015872,0.017105713308244952
149,Equatorial Guinea,5534,-1.0,86,-1.0,5300,-1.0,148,2,3871.0,60.0,87867,61455,1429787,Africa,-0.018070112034694615,-1.1627906976744187,-0.018867924528301886
150,Togo,5166,74.0,79,-1.0,4352,70.0,735,-1,616.0,9.0,208804,24881,8392262,Africa,1.4324428958575302,-1.2658227848101267,1.6084558823529411
151,CAR,4989,-1.0,63,-1.0,4885,-1.0,41,2,1023.0,13.0,35523,7281,4879098,Africa,-0.020044097013429546,-1.5873015873015872,-0.020470829068577275
152,Somalia,4784,-1.0,130,-1.0,3666,-1.0,988,-1,296.0,8.0,-1,-1,16151919,Africa,-0.020903010033444816,-0.7692307692307693,-0.027277686852154936
153,Curaçao,4591,6.0,21,-1.0,4508,6.0,62,2,27911.0,128.0,44405,269956,164490,North America,0.1306904813766064,-4.761904761904762,0.13309671694764863
154,Niger,4548,11.0,162,1.0,3845,45.0,541,3,184.0,7.0,74060,2997,24715004,Africa,0.2418645558487247,0.6172839506172839,1.1703511053315996
155,Gibraltar,4143,15.0,79,1.0,3786,41.0,278,27,122992.0,2345.0,160304,4758913,33685,Europe,0.3620564808110065,1.2658227848101267,1.0829371368198626
156,Gambia,4139,-1.0,131,-1.0,3803,-1.0,205,1,1685.0,53.0,36438,14835,2456274,Africa,-0.024160425223483932,-0.7633587786259541,-0.026295030239284777
157,South Sudan,3929,-1.0,64,-1.0,3613,-1.0,252,2,349.0,6.0,86917,7711,11271094,Africa,-0.025451768897938407,-1.5625,-0.02767783005812344
158,Benin,3893,-1.0,52,-1.0,3421,-1.0,420,-1,316.0,4.0,424662,34501,12308672,Africa,-0.025687130747495505,-1.9230769230769231,-0.029231218941829874
159,Channel Islands,3776,39.0,83,1.0,3302,16.0,391,4,21601.0,475.0,322987,1847657,174809,Europe,1.0328389830508475,1.2048192771084338,0.48455481526347666
160,Sierra Leone,3660,26.0,79,-1.0,2340,11.0,1241,-1,453.0,10.0,109684,13588,8072099,Africa,0.7103825136612022,-1.2658227848101267,0.4700854700854701
161,Chad,3404,19.0,121,-1.0,2507,37.0,776,-1,204.0,7.0,-1,-1,16700710,Africa,0.5581668625146886,-0.8264462809917356,1.4758675708017552
162,San Marino,3066,41.0,67,-1.0,2752,29.0,247,7,90248.0,1972.0,34865,1026256,33973,Europe,1.3372472276581866,-1.4925373134328357,1.0537790697674418
163,Comoros,2848,37.0,100,2.0,1932,98.0,816,-1,3235.0,114.0,-1,-1,880456,Africa,1.2991573033707866,2.0,5.072463768115942
164,Guinea-Bissau,2634,-1.0,45,-1.0,2427,-1.0,162,5,1320.0,23.0,43152,21628,1995215,Africa,-0.037965072133637055,-2.2222222222222223,-0.04120313143798929
165,Liechtenstein,2497,-1.0,52,-1.0,2376,-1.0,69,5,65378.0,1362.0,24795,649203,38193,Europe,-0.040048057669203045,-1.9230769230769231,-0.04208754208754208
166,New Zealand,2307,3.0,25,-1.0,2210,2.0,72,-1,461.0,5.0,1537594,307390,5002100,Australia/Oceania,0.13003901170351106,-4.0,0.09049773755656108
167,Eritrea,2267,132.0,7,-1.0,1657,63.0,603,-1,634.0,2.0,23693,6627,3575320,Africa,5.822673136303485,-14.285714285714285,3.8020519010259504
168,Yemen,2122,-1.0,615,-1.0,1427,1.0,80,23,70.0,20.0,17404,576,30210707,Asia,-0.0471253534401508,-0.16260162601626016,0.0700770847932726
169,Liberia,1944,-1.0,84,-1.0,1760,-1.0,100,2,379.0,16.0,65579,12790,5127238,Africa,-0.051440329218107,-1.1904761904761905,-0.056818181818181816
170,Sint Maarten,1885,15.0,27,-1.0,1710,11.0,148,1,43672.0,626.0,14399,333596,43163,North America,0.7957559681697612,-3.7037037037037033,0.6432748538011697
171,Vietnam,1882,32.0,35,-1.0,1460,-1.0,387,-1,19.0,0.4,1436836,14683,97855757,Asia,1.7003188097768331,-2.857142857142857,-0.0684931506849315
172,Mongolia,1832,18.0,2,-1.0,1371,13.0,459,2,554.0,0.6,1051022,317594,3309329,Asia,0.9825327510917031,-50.0,0.9482129832239241
173,Burundi,1641,6.0,2,-1.0,773,-1.0,866,-1,136.0,0.2,90019,7441,12097140,Africa,0.3656307129798903,-50.0,-0.129366106080207
174,Barbados,1586,28.0,14,-1.0,1206,37.0,366,1,5515.0,49.0,104334,362795,287584,North America,1.7654476670870116,-7.142857142857142,3.067993366500829
175,Monaco,1543,44.0,17,3.0,1295,12.0,231,10,39156.0,431.0,51953,1318403,39406,Europe,2.851587815942968,17.647058823529413,0.9266409266409266
176,Turks and Caicos,1504,-1.0,9,-1.0,1214,74.0,281,8,38539.0,231.0,14286,366073,39025,North America,-0.06648936170212766,-11.11111111111111,6.095551894563426
177,Saint Lucia,1470,59.0,16,1.0,705,79.0,749,2,7984.0,87.0,24855,134991,184124,North America,4.013605442176871,6.25,11.205673758865247
178,Sao Tome and Principe,1283,24.0,17,-1.0,1052,7.0,214,-1,5791.0,77.0,11592,52323,221548,Africa,1.8706157443491818,-5.88235294117647,0.6653992395437262
179,Seychelles,1243,20.0,5,-1.0,1071,19.0,167,-1,12593.0,51.0,5200,52681,98707,Africa,1.6090104585679808,-20.0,1.7740429505135387
180,Saint Martin,1234,-1.0,12,-1.0,1050,-1.0,172,7,31598.0,307.0,12433,318362,39053,North America,-0.08103727714748785,-8.333333333333332,-0.09523809523809523
181,St. Vincent Grenadines,1008,57.0,2,-1.0,262,11.0,744,2,9069.0,18.0,29641,266678,111149,North America,5.654761904761905,-50.0,4.198473282442748
182,Taiwan,915,3.0,8,-1.0,832,2.0,75,-1,38.0,0.3,157162,6592,23842335,Asia,0.32786885245901637,-12.5,0.2403846153846154
183,Papua New Guinea,867,-1.0,9,-1.0,828,-1.0,30,-1,96.0,1.0,42789,4730,9046488,Australia/Oceania,-0.11534025374855825,-11.11111111111111,-0.12077294685990338
184,Bhutan,859,-1.0,1,-1.0,841,20.0,17,-1,1106.0,1.0,477078,614301,776619,Asia,-0.11641443538998836,-100.0,2.3781212841854935
185,Bermuda,692,-1.0,12,-1.0,668,-1.0,12,5,11136.0,193.0,164546,2647946,62141,North America,-0.1445086705202312,-8.333333333333332,-0.14970059880239522
186,Faeroe Islands,654,-1.0,1,-1.0,650,2.0,3,1,13354.0,20.0,222491,4543136,48973,Europe,-0.1529051987767584,-100.0,0.3076923076923077
187,Mauritius,583,1.0,10,-1.0,540,4.0,33,-1,458.0,8.0,289552,227453,1273019,Africa,0.17152658662092624,-10.0,0.7407407407407408
188,Tanzania,509,-1.0,21,-1.0,183,-1.0,305,7,8.0,0.3,-1,-1,60726496,Africa,-0.19646365422396855,-4.761904761904762,-0.546448087431694
189,Cambodia,466,-1.0,-1,-1.0,443,-1.0,23,-1,28.0,-1.0,403722,23952,16855197,Asia,-0.2145922746781116,100.0,-0.2257336343115124
190,Isle of Man,434,-1.0,25,-1.0,398,-1.0,11,1,5088.0,293.0,27870,326733,85299,Europe,-0.2304147465437788,-4.0,-0.25125628140703515
191,Cayman Islands,400,2.0,2,-1.0,368,-1.0,30,1,6044.0,30.0,67696,1022954,66177,North America,0.5,-50.0,-0.2717391304347826
192,Caribbean Netherlands,360,-1.0,3,-1.0,244,-1.0,113,-1,13653.0,114.0,5145,195130,26367,North America,-0.2777777777777778,-33.33333333333333,-0.4098360655737705
193,St. Barth,360,-1.0,1,-1.0,247,-1.0,112,-1,36382.0,101.0,8518,860839,9895,North America,-0.2777777777777778,-100.0,-0.4048582995951417
194,Antigua and Barbuda,249,15.0,7,-1.0,179,2.0,63,1,2530.0,71.0,9312,94626,98408,North America,6.024096385542169,-14.285714285714285,1.1173184357541899
195,Brunei ,180,-1.0,3,-1.0,170,-1.0,7,-1,409.0,7.0,91214,207327,439952,Asia,-0.5555555555555556,-33.33333333333333,-0.5882352941176471
196,Grenada,148,-1.0,1,-1.0,142,-1.0,5,-1,1312.0,9.0,19171,169907,112832,North America,-0.6756756756756757,-100.0,-0.7042253521126761
197,Dominica,121,4.0,-1,-1.0,110,4.0,11,-1,1678.0,-1.0,9977,138393,72092,North America,3.3057851239669422,100.0,3.6363636363636362
198,British Virgin Islands,114,-1.0,1,-1.0,95,-1.0,18,-1,3756.0,33.0,13223,435684,30350,North America,-0.8771929824561403,-100.0,-1.0526315789473684
199,Timor-Leste,75,5.0,-1,-1.0,55,-1.0,20,-1,56.0,-1.0,19223,14419,1333181,Asia,6.666666666666667,100.0,-1.8181818181818181
200,Macao,47,-1.0,-1,-1.0,46,-1.0,1,-1,72.0,-1.0,4348,6643,654547,Asia,-2.127659574468085,100.0,-2.1739130434782608
201,Laos,44,-1.0,-1,-1.0,41,-1.0,3,-1,6.0,-1.0,104212,14202,7337694,Asia,-2.272727272727273,100.0,-2.4390243902439024
202,Falkland Islands,41,-1.0,-1,-1.0,34,-1.0,7,-1,11585.0,-1.0,6685,1888952,3539,South America,-2.4390243902439024,100.0,-2.941176470588235
203,Saint Kitts and Nevis,39,1.0,-1,-1.0,35,-1.0,4,-1,730.0,-1.0,7923,148312,53421,North America,2.564102564102564,100.0,-2.857142857142857
204,Vatican City,27,-1.0,-1,-1.0,15,-1.0,12,-1,33666.0,-1.0,-1,-1,802,Europe,-3.7037037037037033,100.0,-6.666666666666667
205,Saint Pierre Miquelon,24,-1.0,-1,-1.0,16,-1.0,8,-1,4154.0,-1.0,3729,645491,5777,North America,-4.166666666666666,100.0,-6.25
206,Anguilla,17,-1.0,-1,-1.0,15,-1.0,2,-1,1127.0,-1.0,7326,485745,15082,North America,-5.88235294117647,100.0,-6.666666666666667
207,Solomon Islands,17,-1.0,-1,-1.0,10,-1.0,7,-1,24.0,-1.0,4500,6459,696734,Australia/Oceania,-5.88235294117647,100.0,-10.0
208,Western Sahara,10,-1.0,1,-1.0,8,-1.0,1,-1,17.0,2.0,-1,-1,605926,Africa,-10.0,-100.0,-12.5
209,Wallis and Futuna,5,-1.0,-1,-1.0,4,-1.0,1,-1,450.0,-1.0,1202,108084,11121,Australia/Oceania,-20.0,100.0,-25.0
210,Total:,104384587,451759.0,2262226,14679.0,76239610,511873.0,25882751,107052,13391.6,290.2,-1,-1,-1,All,0.4327832422232987,0.6488741619979613,0.6714003390101286
