,Country,Total Cases,New Cases,Total Deaths,New Deaths,Total Recovered,New Recovered,Active Cases,Serious/Critical,Tot Cases/1M,Deaths/1M,Total Tests,Tests/1M,Population,Continent,%Inc Cases,%Inc Deaths,%Inc Recovered
0,World,98722624,656280.0,2114926,16048.0,70914473,439541.0,25693225,111267,12665.0,271.3,-1,-1,-1,All,0.6647716332985639,0.7587972345131697,0.6198184678041674
1,USA,25393220,195243.0,424209,3918.0,15223434,121524.0,9745577,27322,76464.0,1277.0,295542092,889939,332092704,North America,0.7688784644090036,0.9236013380197026,0.7982692998176364
2,India,10640544,14344.0,153221,154.0,10300063,17174.0,187260,8944,7668.0,110.0,190148024,137033,1387604808,Asia,0.13480513778242917,0.10050841594820555,0.16673684423095275
3,Brazil,8755133,55319.0,215299,1071.0,7594771,14030.0,945063,8318,41025.0,1009.0,28600000,134016,213407310,South America,0.631846483657073,0.4974477354748512,0.18473236388562606
4,Russia,3677352,21513.0,68412,580.0,3081536,27318.0,527404,2300,25193.0,469.0,98500000,674797,145969720,Europe,0.5850133465602423,0.8478044787464188,0.8865059502793413
5,UK,3583907,40261.0,95981,1401.0,1600622,13915.0,1887304,3960,52638.0,1410.0,67231066,987438,68086356,Europe,1.1233829449257473,1.4596638918119211,0.8693495403661827
6,France,3011257,23292.0,72647,429.0,215822,1284.0,2722788,2912,46076.0,1112.0,41226104,630804,65354806,Europe,0.7734975792501271,0.590526793948821,0.5949347147186107
7,Spain,2603472,42885.0,55441,400.0,0,0.0,0,3908,55671.0,1186.0,30165217,645039,46764982,Europe,1.6472234001364332,0.7214877076531808,
8,Italy,2441854,13633.0,84674,472.0,1855127,27676.0,502053,2390,40420.0,1402.0,30431493,503735,60411677,Europe,0.5583052877035236,0.557432033445922,1.4918655164848553
9,Turkey,2418472,5967.0,24789,149.0,2296050,6018.0,97633,2003,28504.0,292.0,28195901,332314,84847147,Asia,0.2467260319739075,0.6010730565976845,0.2621023061344483
10,Germany,2125261,16366.0,52020,869.0,1780200,18000.0,293041,4787,25320.0,620.0,37449922,446180,83934640,Europe,0.7700701231519329,1.6705113417916184,1.0111223458038423
11,Colombia,1987418,15073.0,50586,399.0,1811552,10418.0,125280,3482,38827.0,988.0,9505562,185704,51186541,South America,0.758421227945002,0.7887557822322382,0.5750869972266874
12,Argentina,1853830,10753.0,46575,220.0,1636826,11071.0,170429,3631,40808.0,1025.0,5806612,127820,45428197,South America,0.5800423987096983,0.4723564143853999,0.6763699990102796
13,Mexico,1711283,22339.0,146174,1803.0,1277978,13198.0,287131,5652,13195.0,1127.0,4299224,33150,129691263,North America,1.3053948411805645,1.2334614910996484,1.0327251329835099
14,Poland,1464557,6749.0,34907,345.0,1215732,-1.0,213918,1489,38721.0,923.0,8238988,217829,37823235,Europe,0.4608219413788606,0.9883404474747186,-8.225497066787746e-05
15,South Africa,1392568,11761.0,40076,575.0,1201284,17841.0,151208,546,23316.0,671.0,7882846,131982,59726820,Africa,0.8445548080955472,1.4347739295338855,1.485160877860689
16,Iran,1360825,6278.0,57225,75.0,1151676,7127.0,151924,4134,16087.0,676.0,8634553,102070,84594020,Asia,0.46133779141329706,0.1310615989515072,0.6188372424188747
17,Ukraine,1182969,5348.0,21662,163.0,928969,14239.0,232338,177,27142.0,497.0,6057828,138988,43585176,Europe,0.4520828525515039,0.7524697627181238,1.5327745059307685
18,Peru,1088096,5189.0,39427,153.0,1002516,5231.0,46153,1758,32746.0,1187.0,6028030,181412,33228456,South America,0.47688806869982064,0.388058944378218,0.5217871834464488
19,Indonesia,965283,13632.0,27453,250.0,781147,8357.0,156683,-1,3508.0,100.0,8638162,31395,275143086,Asia,1.412228330966152,0.910647288092376,1.0698370473163183
20,Netherlands,938628,5744.0,13422,85.0,0,0.0,0,674,54711.0,782.0,6970400,406290,17156211,Europe,0.6119570266388814,0.6332886306064669,
21,Czechia,924938,7509.0,15208,132.0,807836,493.0,101894,1044,86280.0,1419.0,5710638,532701,10720166,Europe,0.811838198884682,0.8679642293529721,0.061027238201813244
22,Canada,737407,5957.0,18828,206.0,652829,7100.0,65750,868,19442.0,496.0,16996450,448128,37927656,North America,0.8078306823775744,1.0941151476524325,1.087574234600485
23,Romania,706475,2699.0,17628,74.0,645923,4635.0,42924,997,36863.0,920.0,5268464,274899,19165090,Europe,0.38203758094766266,0.41978670297254367,0.7175777917801347
24,Chile,690066,4959.0,17786,84.0,645035,3031.0,27245,1221,35926.0,926.0,7527928,391912,19208197,South America,0.7186269139473616,0.47228156977397956,0.469896982334292
25,Belgium,686827,2571.0,20620,48.0,47675,160.0,618532,337,59118.0,1775.0,7773240,669070,11617976,Europe,0.37433007147360253,0.23278370514064015,0.33560566334556896
26,Iraq,612092,685.0,12984,7.0,578292,1567.0,20816,148,15030.0,319.0,5305002,130268,40723804,Asia,0.11191128131065266,0.05391250770178681,0.27097037482794156
27,Portugal,609136,13987.0,9920,234.0,441556,7319.0,157660,715,59837.0,974.0,6722120,660331,10179925,Europe,2.296203146752121,2.3588709677419355,1.6575474005562147
28,Israel,589028,6159.0,4266,21.0,504820,7242.0,79942,1182,64042.0,464.0,9925207,1079110,9197590,Asia,1.0456209212465282,0.49226441631504925,1.434570738084862
29,Sweden,547166,-1.0,11005,31.0,0,0.0,0,303,53990.0,1086.0,4916367,485106,10134622,Europe,-0.0001827598937068458,0.28169014084507044,
30,Bangladesh,530890,619.0,7981,15.0,475561,487.0,47348,-1,3206.0,48.0,3530274,21317,165608438,Asia,0.11659665844148505,0.18794637263500816,0.1024053696581511
31,Pakistan,528891,1745.0,11204,47.0,482771,2075.0,34916,2362,2369.0,50.0,7561977,33868,223279623,Asia,0.32993565781985323,0.4194930382006426,0.4298104070045632
32,Philippines,509882,2173.0,10136,20.0,467720,250.0,32026,727,4619.0,92.0,7487962,67828,110396247,Asia,0.42617703703994253,0.1973164956590371,0.053450782519456085
33,Switzerland,509279,2156.0,9034,63.0,317600,-1.0,182645,312,58604.0,1040.0,4135714,475909,8690134,Europe,0.4233435896630334,0.6973655080805844,-0.00031486146095717883
34,Morocco,464844,1138.0,8105,29.0,440652,1351.0,16087,456,12511.0,218.0,5262054,141623,37155316,Africa,0.2448133137138481,0.3578038247995065,0.30659114221653366
35,Austria,401886,2088.0,7330,42.0,378408,2048.0,16148,331,44480.0,811.0,4156075,459984,9035260,Europe,0.5195503202400681,0.572987721691678,0.5412147734720196
36,Serbia,380802,1709.0,3849,19.0,31536,-1.0,345417,161,43683.0,442.0,2527514,289936,8717490,Europe,0.4487896597181737,0.4936347103143674,-0.0031709791983764585
37,Saudi Arabia,365988,213.0,6346,4.0,357525,188.0,2117,322,10422.0,181.0,11924323,339565,35116437,Asia,0.05819862946326109,0.06303183107469272,0.05258373540311867
38,Hungary,356973,1311.0,11811,98.0,237362,2086.0,107800,274,37005.0,1224.0,3018389,312900,9646506,Europe,0.3672546663193014,0.829734992803319,0.8788264338857947
39,Japan,351020,5799.0,4830,87.0,279214,6027.0,66976,1011,2780.0,38.0,6236054,49391,126257867,Asia,1.6520426186542079,1.8012422360248446,2.158559384558081
40,Jordan,318911,730.0,4207,9.0,304996,796.0,9708,139,31083.0,410.0,3678331,358516,10259872,Asia,0.2289039888871817,0.21392916567625386,0.26098702933808965
41,Panama,307793,2041.0,4980,36.0,253503,3288.0,49310,259,70714.0,1144.0,1590184,365336,4352667,North America,0.6631079979076847,0.7228915662650602,1.2970260706973882
42,Lebanon,272461,3220.0,2208,57.0,162007,3185.0,108246,892,40020.0,324.0,2466437,362276,6808175,Asia,1.1818205174318526,2.5815217391304346,1.9659644336355835
43,UAE,270810,3552.0,776,10.0,243267,3945.0,26767,-1,27197.0,78.0,24203766,2430769,9957245,Asia,1.3116206934751302,1.2886597938144329,1.6216749497465748
44,Nepal,268948,302.0,1986,7.0,263348,480.0,3614,-1,9139.0,67.0,2035301,69160,29428780,Asia,0.1122893644868153,0.35246727089627394,0.18226832935887116
45,Georgia,251974,903.0,3022,24.0,238737,636.0,10215,-1,63233.0,758.0,2070548,519605,3984847,Asia,0.3583703080476557,0.7941760423560555,0.266401940210357
46,Ecuador,237158,969.0,14562,36.0,199332,-1.0,23264,489,13329.0,818.0,835475,46956,17792602,South America,0.4085883672488383,0.2472187886279357,-0.0005016755964922842
47,Belarus,234111,1813.0,1628,9.0,218831,2087.0,13652,-1,24780.0,172.0,4330509,458373,9447571,Europe,0.7744189721969493,0.5528255528255528,0.9537039998903263
48,Slovakia,233027,1785.0,3894,93.0,183942,2813.0,45191,578,42670.0,713.0,1658408,303675,5461132,Europe,0.7660056559969446,2.3882896764252695,1.529286405497385
49,Azerbaijan,228526,280.0,3064,11.0,219019,632.0,6443,-1,22426.0,301.0,2347951,230408,10190399,Asia,0.12252435171490335,0.35900783289817234,0.28855944004858025
50,Croatia,227969,643.0,4770,32.0,219878,796.0,3321,145,55725.0,1166.0,1144819,279842,4090949,Europe,0.28205589356447586,0.670859538784067,0.3620189377745841
51,Bulgaria,214430,566.0,8799,58.0,178602,1248.0,27029,284,30992.0,1272.0,1311036,189488,6918840,Europe,0.2639556032271604,0.6591658142970792,0.6987603722242752
52,Dominican Republic,201145,1473.0,2496,14.0,146491,471.0,52158,332,18439.0,229.0,989038,90664,10908841,North America,0.732307539337294,0.5608974358974359,0.32152145865616316
53,Bolivia,196393,2648.0,9818,54.0,147744,1166.0,38831,71,16697.0,835.0,504499,42892,11761996,South America,1.3483168952050226,0.5500101853738032,0.7892029456356942
54,Tunisia,193273,2389.0,6092,103.0,140180,2720.0,47001,409,16258.0,512.0,802376,67495,11887867,Africa,1.2360753959425268,1.690741956664478,1.9403623912112997
55,Denmark,193038,773.0,1941,32.0,177550,1547.0,13547,130,33261.0,334.0,12431739,2142046,5803674,Europe,0.40043929174566667,1.6486347243688821,0.8713038580681499
56,Costa Rica,189308,831.0,2518,12.0,146448,724.0,40342,205,36973.0,492.0,567141,110766,5120188,North America,0.438967185750206,0.47656870532168394,0.4943734294766743
57,Ireland,184279,2357.0,2870,52.0,23364,-1.0,158045,218,37088.0,578.0,2900940,583848,4968657,Europe,1.2790388487022397,1.8118466898954706,-0.004280089025851737
58,Malaysia,176180,3631.0,660,18.0,132706,2554.0,42814,251,5405.0,20.0,4307729,132148,32597848,Asia,2.060960381428085,2.727272727272727,1.9245550314228446
59,Lithuania,174850,1036.0,2591,37.0,114925,1561.0,57334,172,64742.0,959.0,1850397,685151,2700715,Europe,0.5925078638833287,1.4280200694712466,1.3582771372634326
60,Kazakhstan,173842,1430.0,2403,-1.0,157597,1076.0,13842,221,9197.0,127.0,5942556,314382,18902348,Asia,0.8225860263917811,-0.04161464835622139,0.6827541133397209
61,Armenia,165711,183.0,3030,9.0,154259,213.0,8422,-1,55863.0,1021.0,632646,213273,2966361,Asia,0.11043322410702971,0.297029702970297,0.1380794637590027
62,Egypt,160463,748.0,8853,52.0,125603,432.0,26007,90,1552.0,86.0,1000000,9670,103409102,Africa,0.46615107532577604,0.5873715124816447,0.3439408294387873
63,Kuwait,160367,533.0,952,1.0,153307,481.0,6108,48,37244.0,221.0,1446503,335940,4305835,Asia,0.3323626431871894,0.10504201680672269,0.31374953524627053
64,Slovenia,155752,1446.0,3309,25.0,133428,2051.0,19015,186,74913.0,1592.0,769373,370051,2079099,Europe,0.9283989932713544,0.7555152614082804,1.5371586173816592
65,Moldova,155302,514.0,3332,17.0,145831,663.0,6139,226,38549.0,827.0,606919,150650,4028672,Europe,0.3309680493490103,0.5102040816326531,0.454635845602101
66,Palestine,154557,494.0,1769,12.0,143611,792.0,9177,77,29911.0,342.0,978179,189304,5167242,Asia,0.3196231810917655,0.6783493499152063,0.5514897883866835
67,Guatemala,152956,561.0,5420,31.0,137092,112.0,10444,5,8451.0,299.0,727972,40219,18100143,North America,0.3667721436230027,0.5719557195571956,0.08169696262363961
68,Greece,151041,562.0,5598,28.0,139168,420.0,6275,288,14531.0,539.0,3930631,378153,10394280,Europe,0.3720844009242523,0.5001786352268668,0.3017935157507473
69,Qatar,148521,263.0,248,-1.0,144619,141.0,3654,34,52896.0,88.0,1344472,478834,2807805,Asia,0.17707933558217356,-0.4032258064516129,0.09749756256093597
70,Honduras,138044,1146.0,3422,16.0,60392,175.0,74230,227,13815.0,342.0,347776,34804,9992498,North America,0.8301700906957202,0.46756282875511396,0.2897734799311167
71,Myanmar,136591,425.0,3031,18.0,120543,570.0,13017,-1,2501.0,55.0,2229844,40829,54614537,Asia,0.31114787943568756,0.5938634114153745,0.47286030711032573
72,Ethiopia,132881,555.0,2060,3.0,118513,507.0,12308,227,1140.0,18.0,1908533,16376,116542610,Africa,0.4176669350772495,0.14563106796116504,0.42780116949195446
73,Oman,132486,-1.0,1517,-1.0,124730,-1.0,6239,23,25583.0,293.0,883340,170575,5178607,Asia,-0.0007547967332397385,-0.06591957811470006,-0.0008017317405596087
74,Paraguay,126370,852.0,2585,15.0,101599,751.0,22186,250,17597.0,360.0,624400,86945,7181539,South America,0.6742106512621667,0.5802707930367506,0.7391805037451157
75,Venezuela,122795,535.0,1136,7.0,114925,626.0,6734,105,4325.0,40.0,2532669,89208,28390458,South America,0.43568549208029644,0.6161971830985915,0.5447030672177506
76,Bosnia and Herzegovina,119420,214.0,4555,19.0,90691,809.0,24174,-1,36528.0,1393.0,575996,176185,3269277,Europe,0.1791994640763691,0.41712403951701427,0.8920400039695229
77,Nigeria,118138,1483.0,1490,5.0,94130,484.0,22518,10,565.0,7.0,1225179,5863,208972594,Africa,1.25531158475681,0.33557046979865773,0.5141825135450971
78,Libya,112540,794.0,1737,21.0,90952,1043.0,19851,-1,16255.0,251.0,616191,89000,6923505,Africa,0.7055269237604407,1.2089810017271159,1.146758729879497
79,Algeria,105124,272.0,2856,3.0,71552,209.0,30716,42,2373.0,64.0,-1,-1,44292186,Africa,0.25874205699935315,0.10504201680672269,0.292095259391771
80,Kenya,99769,139.0,1740,1.0,82866,137.0,15163,27,1833.0,32.0,1148030,21092,54429336,Africa,0.13932183343523538,0.05747126436781609,0.16532715468346487
81,Bahrain,99210,332.0,366,-1.0,95902,308.0,2942,18,57210.0,211.0,2607285,1503508,1734135,Asia,0.3346436851123879,-0.273224043715847,0.32116118537673877
82,North Macedonia,90124,307.0,2768,14.0,76045,658.0,11311,138,43260.0,1329.0,439121,210779,2083326,Europe,0.3406417824330922,0.5057803468208093,0.865277138536393
83,Kyrgyzstan,83703,118.0,1396,2.0,79664,155.0,2643,50,12713.0,212.0,639645,97148,6584226,Asia,0.14097463651243086,0.14326647564469913,0.1945671821650934
84,Uzbekistan,78272,53.0,620,-1.0,76752,97.0,900,156,2320.0,18.0,1377915,40839,33740093,Asia,0.06771259198691743,-0.16129032258064516,0.12638107150302272
85,S. Korea,74262,344.0,1328,12.0,61415,569.0,11519,299,1448.0,26.0,5282224,102979,51294039,Asia,0.4632247986857343,0.9036144578313252,0.9264837580395668
86,Albania,70655,739.0,1303,7.0,42895,469.0,26457,39,24567.0,453.0,323375,112438,2876025,Europe,1.0459273936734839,0.5372217958557176,1.0933675253526052
87,Norway,60565,306.0,544,-1.0,49835,-1.0,10186,41,11123.0,100.0,3259678,598653,5445018,Europe,0.5052423016593742,-0.1838235294117647,-0.0020066218521119696
88,Latvia,59586,876.0,1076,19.0,46981,4028.0,11529,95,31790.0,574.0,1091257,582199,1874372,Europe,1.4701439935555332,1.7657992565055762,8.57367872118516
89,Ghana,59480,-1.0,361,-1.0,56706,-1.0,2413,29,1892.0,11.0,726313,23106,31433585,Africa,-0.0016812373907195697,-0.2770083102493075,-0.0017634818185024513
90,Singapore,59250,15.0,29,-1.0,58983,24.0,238,1,10083.0,5.0,6061147,1031483,5876149,Asia,0.025316455696202535,-3.4482758620689653,0.04068969024973298
91,Montenegro,57482,484.0,765,3.0,48571,597.0,8146,68,91516.0,1218.0,215765,343514,628111,Europe,0.8420027138930447,0.39215686274509803,1.2291284923102264
92,Sri Lanka,56863,787.0,278,2.0,48617,633.0,7968,-1,2649.0,13.0,1557630,72570,21463723,Asia,1.384028278493924,0.7194244604316548,1.3020136989119033
93,Afghanistan,54559,76.0,2373,3.0,46912,25.0,5274,807,1384.0,60.0,236300,5995,39415253,Asia,0.1392987408126982,0.12642225031605564,0.053291268758526605
94,El Salvador,52672,284.0,1540,10.0,46370,357.0,4762,105,8098.0,237.0,675048,103780,6504594,North America,0.5391859052247874,0.6493506493506493,0.7698943282294587
95,Luxembourg,49438,119.0,562,-1.0,46656,157.0,2220,14,78267.0,890.0,1828776,2895195,631659,Europe,0.24070553015898702,-0.1779359430604982,0.33650548696844995
96,Zambia,43333,1120.0,610,13.0,32667,1145.0,10056,388,2321.0,33.0,816005,43710,18668783,Africa,2.5846352664251264,2.1311475409836063,3.5050662748339305
97,Finland,41915,350.0,644,6.0,31000,-1.0,10271,24,7558.0,116.0,2699723,486826,5545566,Europe,0.8350232613622808,0.9316770186335404,-0.0032258064516129032
98,Estonia,39697,486.0,358,4.0,29167,424.0,10172,45,29914.0,270.0,731562,551274,1327038,Europe,1.2242738746000956,1.1173184357541899,1.4536976720266053
99,Uganda,38935,129.0,317,1.0,13699,-1.0,24919,-1,837.0,7.0,810849,17423,46538089,Africa,0.33132143315782714,0.31545741324921134,-0.007299802905321556
100,Uruguay,36170,1178.0,364,17.0,27715,788.0,8091,94,10392.0,105.0,788660,226594,3480501,South America,3.256842687309925,4.670329670329671,2.8432256900595343
101,Namibia,31848,333.0,311,1.0,29571,341.0,1966,27,12409.0,121.0,250658,97664,2566540,Africa,1.0455915599095704,0.3215434083601286,1.1531568090358797
102,Mozambique,30848,623.0,290,7.0,19858,348.0,10700,-1,972.0,9.0,319169,10056,31739867,Africa,2.0195798755186725,2.413793103448276,1.7524423406183907
103,Zimbabwe,30523,476.0,962,45.0,21080,1511.0,8481,99,2037.0,64.0,266957,17816,14983750,Africa,1.559479736592078,4.677754677754678,7.167931688804555
104,Cyprus,29758,122.0,179,1.0,2057,-1.0,27522,58,24547.0,148.0,945812,780186,1212291,Asia,0.4099737885610592,0.5586592178770949,-0.04861448711716091
105,Australia,28755,5.0,909,-1.0,25961,5.0,1885,1,1120.0,35.0,12642312,492581,25665434,Australia/Oceania,0.01738828029907842,-0.11001100110011,0.0192596587188475
106,Cameroon,28010,-1.0,455,-1.0,26861,-1.0,694,46,1041.0,17.0,149000,5537,26912236,Africa,-0.003570153516601214,-0.21978021978021978,-0.0037228695878783365
107,Ivory Coast,26315,564.0,143,1.0,24356,237.0,1816,-1,984.0,5.0,311656,11655,26740475,Africa,2.143264297928938,0.6993006993006993,0.9730661849236328
108,Sudan,26279,-1.0,1603,-1.0,15688,-1.0,8988,-1,592.0,36.0,-1,-1,44417532,Africa,-0.0038053198371323107,-0.06238303181534623,-0.006374298827129016
109,Senegal,24209,300.0,561,9.0,20089,173.0,3559,43,1425.0,33.0,308582,18164,16988317,Africa,1.2392085588004462,1.6042780748663104,0.8611678032754243
110,DRC,21597,197.0,647,3.0,14875,10.0,6075,-1,237.0,7.0,-1,-1,91065119,Africa,0.9121637264434875,0.46367851622874806,0.06722689075630252
111,Cuba,20060,530.0,188,4.0,15311,557.0,4561,45,1772.0,17.0,1738190,153513,11322718,North America,2.642073778664008,2.127659574468085,3.6379073868460585
112,Botswana,19654,-1.0,105,-1.0,15911,-1.0,3638,1,8265.0,44.0,613944,258172,2378041,Africa,-0.005088022794342118,-0.9523809523809524,-0.006284960090503425
113,Angola,19269,92.0,452,4.0,17223,47.0,1594,21,576.0,14.0,174111,5208,33430593,Africa,0.4774508277544242,0.8849557522123894,0.2728909017012135
114,Madagascar,18301,-1.0,273,-1.0,17609,-1.0,419,16,652.0,10.0,105342,3751,28085489,Africa,-0.0054641822851210315,-0.3663003663003663,-0.005678914191606565
115,French Polynesia,17852,32.0,128,-1.0,4842,-1.0,12882,11,63345.0,454.0,26355,93517,281820,Australia/Oceania,0.17925162446784673,-0.78125,-0.020652622883106157
116,Malawi,17365,1316.0,445,31.0,6408,94.0,10512,4,895.0,23.0,121620,6268,19403845,Africa,7.57846242441693,6.96629213483146,1.466916354556804
117,Malta,16423,143.0,248,3.0,13435,201.0,2740,18,37139.0,561.0,583863,1320345,442205,Europe,0.8707300736771602,1.2096774193548387,1.4960922962411611
118,Mauritania,16322,56.0,413,3.0,15047,77.0,862,29,3460.0,88.0,138650,29391,4717354,Africa,0.34309520892047546,0.7263922518159807,0.5117299129394564
119,French Guiana,15560,129.0,76,-1.0,9995,-1.0,5489,12,51358.0,251.0,126618,417921,302971,South America,0.8290488431876606,-1.3157894736842104,-0.010005002501250627
120,Maldives,14830,65.0,50,-1.0,13731,48.0,1049,54,27169.0,92.0,379612,695451,545850,Asia,0.4383007417397168,-2.0,0.34957395674022285
121,Jamaica,14658,108.0,332,1.0,11833,24.0,2493,12,4938.0,112.0,156367,52677,2968432,North America,0.7367990176013098,0.30120481927710846,0.20282261472154145
122,Guinea,14262,26.0,81,-1.0,13566,57.0,615,24,1070.0,6.0,117084,8784,13329987,Africa,0.18230262235310615,-1.2345679012345678,0.42016806722689076
123,Eswatini,14219,202.0,458,17.0,8962,140.0,4799,67,12185.0,392.0,122897,105320,1166891,Africa,1.4206343624727478,3.711790393013101,1.5621513055121625
124,Syria,13479,81.0,873,7.0,6918,76.0,5688,-1,760.0,49.0,-1,-1,17736473,Asia,0.60093478744714,0.8018327605956471,1.0985834056085573
125,Cabo Verde,13381,74.0,122,-1.0,12590,73.0,669,23,23922.0,218.0,111390,199135,559368,Africa,0.5530229429788506,-0.819672131147541,0.579825258141382
126,Thailand,13104,309.0,71,-1.0,10224,382.0,2809,1,187.0,1.0,1217873,17423,69898541,Asia,2.358058608058608,-1.4084507042253522,3.7363067292644754
127,Rwanda,12443,273.0,165,3.0,8184,211.0,4094,-1,948.0,13.0,817800,62284,13130248,Africa,2.1940046612553243,1.8181818181818181,2.578201368523949
128,Belize,11700,24.0,290,1.0,11009,47.0,401,2,29130.0,722.0,66923,166621,401649,North America,0.20512820512820512,0.3448275862068966,0.4269234262875829
129,Haiti,11035,-1.0,243,-1.0,8979,-1.0,1813,-1,961.0,21.0,45894,3998,11480276,North America,-0.009062075215224287,-0.411522633744856,-0.011137097672346587
130,Gabon,10278,158.0,67,1.0,9902,93.0,309,10,4558.0,30.0,422091,187190,2254879,Africa,1.5372640591554778,1.4925373134328357,0.9392042011714804
131,Hong Kong,9929,61.0,168,1.0,8948,44.0,813,34,1318.0,22.0,6168673,819094,7531091,Asia,0.6143619699869071,0.5952380952380952,0.49172999552972735
132,Burkina Faso,9857,138.0,107,1.0,7883,135.0,1867,-1,465.0,5.0,-1,-1,21220502,Africa,1.4000202901491325,0.9345794392523363,1.7125459850310796
133,Réunion,9701,117.0,45,-1.0,9261,208.0,395,8,10792.0,50.0,98785,109896,898897,Africa,1.2060612308009484,-2.2222222222222223,2.2459777561818375
134,Andorra,9416,37.0,93,-1.0,8537,63.0,786,15,121756.0,1203.0,180088,2328674,77335,Europe,0.3929481733220051,-1.0752688172043012,0.7379641560267073
135,Guadeloupe,8980,-1.0,154,-1.0,2242,-1.0,6584,3,22441.0,385.0,112838,281980,400163,North America,-0.011135857461024499,-0.6493506493506493,-0.04460303300624443
136,Bahamas,8101,13.0,175,-1.0,6720,-1.0,1206,12,20491.0,443.0,57484,145401,395349,North America,0.16047401555363536,-0.5714285714285714,-0.014880952380952382
137,Suriname,7945,65.0,148,2.0,7112,85.0,685,15,13476.0,251.0,34079,57802,589578,South America,0.8181246066708621,1.3513513513513513,1.1951631046119235
138,Mali,7937,26.0,321,1.0,5683,17.0,1933,-1,386.0,16.0,138180,6716,20573330,Africa,0.32757969005921633,0.3115264797507788,0.2991377793418969
139,Congo,7794,-1.0,117,-1.0,5846,-1.0,1831,-1,1393.0,21.0,73120,13073,5593408,Africa,-0.012830382345393894,-0.8547008547008548,-0.017105713308244952
140,Lesotho,7555,51.0,113,10.0,1993,126.0,5449,-1,3511.0,53.0,45531,21160,2151774,Africa,0.6750496360026472,8.849557522123893,6.322127446061214
141,Trinidad and Tobago,7456,6.0,133,-1.0,6991,17.0,332,2,5318.0,95.0,80170,57181,1402037,North America,0.08047210300429185,-0.7518796992481203,0.2431697897296524
142,Mayotte,7250,92.0,58,-1.0,2964,-1.0,4228,4,26224.0,210.0,50331,182051,276467,Africa,1.2689655172413792,-1.7241379310344827,-0.033738191632928474
143,Guyana,7143,76.0,170,-1.0,6328,51.0,645,7,9057.0,216.0,45865,58154,788685,South America,1.0639787204255915,-0.5882352941176471,0.8059418457648546
144,Aruba,6656,33.0,56,4.0,6098,85.0,502,11,62193.0,523.0,79145,739528,107021,North America,0.4957932692307692,7.142857142857142,1.3938996392259757
145,Martinique,6327,-1.0,44,-1.0,98,-1.0,6185,2,16867.0,117.0,82508,219962,375101,North America,-0.0158052789631737,-2.272727272727273,-1.0204081632653061
146,Nicaragua,6204,-1.0,168,-1.0,4225,-1.0,1811,-1,930.0,25.0,-1,-1,6668646,North America,-0.016118633139909737,-0.5952380952380952,-0.023668639053254437
147,Iceland,5981,-1.0,29,-1.0,5868,22.0,84,-1,17463.0,85.0,465570,1359384,342486,Europe,-0.016719612104999164,-3.4482758620689653,0.37491479209270623
148,Djibouti,5917,1.0,61,-1.0,5837,4.0,19,-1,5941.0,61.0,105649,106071,996024,Africa,0.01690045631232043,-1.639344262295082,0.06852835360630462
149,Equatorial Guinea,5401,36.0,86,-1.0,5197,6.0,118,-1,3781.0,60.0,84190,58940,1428395,Africa,0.6665432327346787,-1.1627906976744187,0.11545122185876468
150,CAR,4974,-1.0,63,-1.0,4885,-1.0,26,2,1020.0,13.0,35523,7284,4876571,Africa,-0.02010454362685967,-1.5873015873015872,-0.020470829068577275
151,Somalia,4744,-1.0,130,-1.0,3666,-1.0,948,-1,294.0,8.0,-1,-1,16138541,Africa,-0.021079258010118042,-0.7692307692307693,-0.027277686852154936
152,Togo,4545,40.0,74,-1.0,3927,26.0,544,-1,542.0,9.0,198192,23633,8386415,Africa,0.88008800880088,-1.3513513513513513,0.6620830150241914
153,Curaçao,4543,6.0,20,-1.0,4416,8.0,107,3,27622.0,122.0,42333,257390,164470,North America,0.13207131851199647,-5.0,0.18115942028985507
154,Niger,4308,41.0,150,3.0,3403,46.0,755,3,174.0,6.0,70563,2858,24688508,Africa,0.9517177344475394,2.0,1.3517484572436087
155,Gambia,3958,8.0,128,-1.0,3703,6.0,127,1,1613.0,52.0,32962,13431,2454225,Africa,0.202122283981809,-0.78125,0.16203078584931138
156,Gibraltar,3905,24.0,59,-1.0,3097,64.0,749,103,115927.0,1752.0,148195,4399436,33685,Europe,0.614596670934699,-1.694915254237288,2.0665159832095576
157,South Sudan,3788,-1.0,64,-1.0,3542,-1.0,182,2,336.0,6.0,83534,7414,11267151,Africa,-0.026399155227032733,-1.5625,-0.0282326369282891
158,Benin,3643,61.0,48,-1.0,3317,33.0,278,-1,296.0,4.0,408081,33180,12299096,Africa,1.674444139445512,-2.083333333333333,0.9948748869460357
159,Channel Islands,3414,7.0,78,-1.0,3148,-1.0,188,10,19535.0,446.0,301532,1725396,174761,Europe,0.2050380785002929,-1.282051282051282,-0.03176620076238882
160,Chad,3104,39.0,115,1.0,2222,29.0,767,-1,186.0,7.0,-1,-1,16686487,Africa,1.2564432989690721,0.8695652173913043,1.3051305130513051
161,Sierra Leone,3093,12.0,77,-1.0,2166,23.0,850,-1,383.0,10.0,-1,-1,8067214,Africa,0.38797284190106696,-1.2987012987012987,1.0618651892890119
162,San Marino,2861,24.0,65,-1.0,2596,39.0,200,10,84219.0,1913.0,31974,941215,33971,Europe,0.8388675288360714,-1.5384615384615385,1.50231124807396
163,Guinea-Bissau,2510,-1.0,45,-1.0,2405,-1.0,60,5,1259.0,23.0,39578,19850,1993813,Africa,-0.0398406374501992,-2.2222222222222223,-0.04158004158004158
164,Liechtenstein,2432,17.0,52,1.0,2322,-1.0,58,6,63682.0,1362.0,23431,613538,38190,Europe,0.6990131578947368,1.9230769230769231,-0.04306632213608958
165,New Zealand,2276,9.0,25,-1.0,2178,12.0,73,-1,455.0,5.0,1480691,296014,5002100,Australia/Oceania,0.39543057996485065,-4.0,0.5509641873278237
166,Comoros,2160,227.0,63,9.0,1298,89.0,799,-1,2455.0,72.0,-1,-1,879898,Africa,10.50925925925926,14.285714285714285,6.8567026194144844
167,Yemen,2118,3.0,614,-1.0,1423,-1.0,81,23,70.0,20.0,17404,576,30190918,Asia,0.141643059490085,-0.16286644951140067,-0.07027406886858749
168,Eritrea,1940,27.0,6,-1.0,1304,-1.0,630,-1,543.0,2.0,23693,6630,3573844,Africa,1.3917525773195878,-16.666666666666664,-0.07668711656441718
169,Liberia,1912,11.0,84,-1.0,1714,-1.0,114,2,373.0,16.0,62180,12136,5123656,Africa,0.5753138075313807,-1.1904761904761905,-0.05834305717619603
170,Sint Maarten,1724,16.0,27,-1.0,1564,10.0,133,1,39956.0,626.0,13533,313641,43148,North America,0.9280742459396751,-3.7037037037037033,0.639386189258312
171,Mongolia,1592,8.0,2,-1.0,1097,51.0,493,9,481.0,0.6,922664,278941,3307741,Asia,0.5025125628140703,-50.0,4.649042844120328
172,Vietnam,1548,2.0,35,-1.0,1411,-1.0,102,-1,16.0,0.4,1431631,14634,97829462,Asia,0.12919896640826875,-2.857142857142857,-0.07087172218284904
173,Burundi,1380,22.0,2,-1.0,773,-1.0,605,-1,114.0,0.2,90019,7448,12086450,Africa,1.5942028985507246,-50.0,-0.129366106080207
174,Monaco,1311,24.0,9,-1.0,1078,20.0,224,8,33276.0,228.0,51953,1318671,39398,Europe,1.8306636155606408,-11.11111111111111,1.855287569573284
175,Turks and Caicos,1192,28.0,7,-1.0,954,19.0,231,6,30556.0,179.0,12955,332094,39010,North America,2.348993288590604,-14.285714285714285,1.9916142557651992
176,Sao Tome and Principe,1182,11.0,17,-1.0,996,1.0,169,-1,5338.0,77.0,7498,33862,221426,Africa,0.9306260575296108,-5.88235294117647,0.1004016064257028
177,Barbados,1156,-1.0,9,-1.0,493,-1.0,654,1,4020.0,31.0,93070,323640,287573,North America,-0.08650519031141869,-11.11111111111111,-0.2028397565922921
178,Saint Martin,1146,-1.0,12,-1.0,1006,-1.0,128,7,29359.0,307.0,12433,318517,39034,North America,-0.08726003490401396,-8.333333333333332,-0.09940357852882703
179,Seychelles,972,106.0,3,-1.0,681,34.0,288,-1,9849.0,30.0,5200,52691,98689,Africa,10.905349794238683,-33.33333333333333,4.992657856093979
180,Taiwan,881,8.0,7,-1.0,777,6.0,97,-1,37.0,0.3,142424,5974,23841044,Asia,0.9080590238365494,-14.285714285714285,0.7722007722007722
181,Bhutan,851,1.0,1,-1.0,679,48.0,171,-1,1096.0,1.0,411833,530464,776364,Asia,0.11750881316098707,-100.0,7.069219440353461
182,Papua New Guinea,835,-1.0,9,-1.0,790,-1.0,36,-1,92.0,1.0,40697,4501,9041386,Australia/Oceania,-0.11976047904191617,-11.11111111111111,-0.12658227848101267
183,Saint Lucia,755,37.0,10,1.0,412,58.0,333,1,4101.0,54.0,22768,123673,184099,North America,4.900662251655629,10.0,14.077669902912621
184,St. Vincent Grenadines,690,-1.0,2,-1.0,126,-1.0,562,2,6208.0,18.0,24866,223740,111138,North America,-0.14492753623188406,-50.0,-0.7936507936507936
185,Bermuda,684,-1.0,12,-1.0,625,14.0,47,6,11006.0,193.0,159226,2562045,62148,North America,-0.14619883040935672,-8.333333333333332,2.2399999999999998
186,Faeroe Islands,652,-1.0,1,-1.0,644,-1.0,7,-1,13315.0,20.0,217483,4441420,48967,Europe,-0.15337423312883436,-100.0,-0.15527950310559005
187,Mauritius,556,-1.0,10,-1.0,518,-1.0,28,-1,437.0,8.0,289552,227464,1272956,Africa,-0.1798561151079137,-10.0,-0.19305019305019305
188,Tanzania,509,-1.0,21,-1.0,183,-1.0,305,7,8.0,0.3,-1,-1,60675156,Africa,-0.19646365422396855,-4.761904761904762,-0.546448087431694
189,Cambodia,456,3.0,-1,-1.0,399,3.0,57,-1,27.0,-1.0,380057,22558,16848241,Asia,0.6578947368421052,100.0,0.7518796992481203
190,Isle of Man,432,-1.0,25,-1.0,357,-1.0,50,1,5065.0,293.0,26311,308503,85286,Europe,-0.23148148148148145,-4.0,-0.2801120448179272
191,Cayman Islands,382,-1.0,2,-1.0,346,-1.0,34,1,5774.0,30.0,65729,993576,66154,North America,-0.2617801047120419,-50.0,-0.2890173410404624
192,Caribbean Netherlands,360,-1.0,3,-1.0,244,-1.0,113,-1,13657.0,114.0,5145,195182,26360,North America,-0.2777777777777778,-33.33333333333333,-0.4098360655737705
193,St. Barth,300,-1.0,1,-1.0,204,-1.0,95,-1,30321.0,101.0,8518,860926,9894,North America,-0.33333333333333337,-100.0,-0.49019607843137253
194,Antigua and Barbuda,195,3.0,6,-1.0,162,-1.0,27,1,1982.0,61.0,8200,83347,98384,North America,1.5384615384615385,-16.666666666666664,-0.6172839506172839
195,Brunei ,175,1.0,3,-1.0,169,-1.0,3,-1,398.0,7.0,88913,202155,439826,Asia,0.5714285714285714,-33.33333333333333,-0.591715976331361
196,Grenada,139,-1.0,1,-1.0,129,-1.0,9,-1,1232.0,9.0,18314,162335,112816,North America,-0.7194244604316548,-100.0,-0.7751937984496124
197,British Virgin Islands,114,-1.0,1,-1.0,95,-1.0,18,-1,3757.0,33.0,13223,435770,30344,North America,-0.8771929824561403,-100.0,-1.0526315789473684
198,Dominica,113,-1.0,-1,-1.0,105,1.0,8,-1,1568.0,-1.0,8640,119855,72087,North America,-0.8849557522123894,100.0,0.9523809523809524
199,Timor-Leste,53,-1.0,-1,-1.0,49,-1.0,4,-1,40.0,-1.0,18111,13593,1332425,Asia,-1.8867924528301887,100.0,-2.0408163265306123
200,Macao,47,1.0,-1,-1.0,46,-1.0,1,-1,72.0,-1.0,4348,6645,654281,Asia,2.127659574468085,100.0,-2.1739130434782608
201,New Caledonia,44,-1.0,-1,-1.0,43,-1.0,1,-1,153.0,-1.0,19879,69256,287036,Australia/Oceania,-2.272727272727273,100.0,-2.3255813953488373
202,Falkland Islands,35,-1.0,-1,-1.0,29,-1.0,6,-1,9898.0,-1.0,6299,1781391,3536,South America,-2.857142857142857,100.0,-3.4482758620689653
203,Saint Kitts and Nevis,35,-1.0,-1,-1.0,33,-1.0,2,-1,655.0,-1.0,6470,121138,53410,North America,-2.857142857142857,100.0,-3.0303030303030303
204,Vatican City,27,-1.0,-1,-1.0,15,-1.0,12,-1,33666.0,-1.0,-1,-1,802,Europe,-3.7037037037037033,100.0,-6.666666666666667
205,Solomon Islands,17,-1.0,-1,-1.0,10,-1.0,7,-1,24.0,-1.0,4500,6463,696226,Australia/Oceania,-5.88235294117647,100.0,-10.0
206,Western Sahara,10,-1.0,1,-1.0,8,-1.0,1,-1,17.0,2.0,-1,-1,605484,Africa,-10.0,-100.0,-12.5
207,Micronesia,1,-1.0,-1,-1.0,-1,-1.0,1,-1,9.0,-1.0,-1,-1,115698,Australia/Oceania,-100.0,100.0,100.0
208,Total:,98722624,656280.0,2114926,16048.0,70914473,439541.0,25693225,111267,12665.2,271.3,-1,-1,-1,All,0.6647716332985639,0.7587972345131697,0.6198184678041674
